europe = { 
	#Dragon island
	2094
	523
	2061
	554
	2069
	2060
	2075
	511
	2787
	2076
	507
	2128
	711
	413
	1786
	509
	710
	2274
	4262
	4259
	508
	2074
	2129
	2194
	2078
	2077
	2200
	4147
	578
	2226
	2127
	452
	215
	214
	4256
	2275
	4257
	1755
	4263
	2316
	2303
	2308
	2313
	363
	288
	1955
	4122
	211
	301
	299
	4195
	4207
	2124
	299
	4209
	468
	2308
	467
	4298
	2414
	377
	1649
	286
	2115
	232
	2409
	268
	254
	407
	2309
	2314
	2310
	406
	420
	2205
	416
	4299
	2202
	4304
	2307
	2203
	4156
	4303
	4302
	2417
	4303
	464
	2208
	2416
	463
	2344
	712
	2073
	4292
	739
	4210
	2345
	2121
	4293
	2204
	2207
	411
	4294
	409
	415
	287
	418
	407
	1849
	2314
	284
	2206
	4301
	4295
	4179
	556
	419
	4179
	4296
	422
	421
	2306
	2196
	4306
	425
	4300
	1856
	2198
	4305
	424
	2201
	2122
	2192
	2123
	1786
	2272
	308
	1753
	2194
	2200
	2413
	4294
	415
	423
	2197
	697
	2199
	4156
	462
	4300
	462
	4340
	419
	4156
	4179	
}

asia = {
	#large continent
	#north-east large continent
	97
	2703
	2159
	636
	2387
	637
	2676
	2711
	643
	2679
	2708
	592
	2709
	2713
	2714
	600
	652
	4353
	4354
	4352
	644
	4351
	2716
	2700
	642
	653
	603
	1242
	2678
	1253
	623
	621
	1762
	622
	2677
	604
	2380
	2719
	1749
	2680
	2683
	229
	227
	79
	63
	62
	71
	1872
	2968
	134
	232
	1750
	218
	230
	4150
	606
	605
	2377
	2686
	597
	2376
	1953
	2998
	4127
	132
	57
	58
	52
	68
	2955
	1868
	76
	1973
	4160
	73
	64
	594
	2393
	65
	2097
	2098
	593
	598
	596
	599
	2394
	2038
	534
	2029
	4381
	535
	531
	530
	537
	2065
	2030
	2089
	522
	2062
	2079
	510
	2049
	506
	553
	591
	2404
	2390
	2391
	620
	595
	561
	2675
	618
	1022
	608
	2684
	617
	2673
	2682
	2378
	609
	1823
	2375
	226
	222
	223
	231
	1851
	228
	221
	225
	208
	216
	207
	216
	1748
	219
	2754
	219
	217
	607
	2374
	215
	1747
	2402
	4348
	2989
	2755
	209
	2990
	1077
	214
	220
	2988
	2751
	1745
	1746
	579
	2047
	2068
	2064
	2045
	562
	586
	2046
	563
	2048
	564
	568
	2039
	590
	2674
	2685
	2403
	551
	2082
	2080
	552
	2043
	559
	2059
	525
	2035
	1949
	2090
	2083
	527
	533
	2032
	2033
	2426
	2312
	4291
	410
	2697
	4288
	517
	529
	1948
	542
	2063
	524
	543
	657
	4290
	2698
	2233
	575
	2231
	154
	162
	157
	4237
	1951
	2392
	1873
	224
	619
	1946
	2311
	4289
	2964
	
	#north-west large continent
	2745
	736
	737
	2694
	689
	4228
	1013
	1825
	4229
	4230
	4183
	1876
	734
	1014
	77
	78
	2741
	1818
	4227
	69
	4182
	4181
	2706
	4180
	1012
	1867
	4162
	1871
	70
	69
	74
	1017
	72
	103
	733
	692
	2178
	693
	2154
	738
	694
	683
	687
	1836
	2155
	1015
	1634
	4157
	4205
	677
	671
	682
	2172
	672
	698
	2181
	706
	2179
	4223
	4198
	709
	707
	701
	4385
	169
	178
	4390
	4203
	2136
	708
	4197
	2175
	688
	184
	179
	190
	203
	201
	202
	4388
	681
	204
	81
	83
	1869
	165
	2171
	700
	4389
	2991
	102
	80
	88
	189
	4391
	167
	199
	583
	1880
	2166
	2381
	587
	2169
	680
	679
	2134
	1021
	2170
	2135
	4187
	1832
	2183
	2184
	705
	2133
	660
	661
	588
	2371
	663
	588
	601
	2386
	2114
	1744
	2165
	2379
	612
	566
	2040
	2131
	1822
	2145
	685
	1838
	1821
	2149
	2143
	2146
	2144
	2148
	702
	2147
	2150
	2177
	2151
	686
	684
	1833
	2140
	2139
	690
	1760
	1761
	82
	188
	1760
	75
	94
	92
	1866
	93
	85
	1975
	89
	1878
	86
	84
	2975
	93
	2974
	191
	1877
	703
	186
	704
	168
	4392
	205
	167
	696
	1879
	87
	2180
	1743
	181
	91
	90
	1865
	4194
	187
	1816
	195
	180
	4112
	194
	4387
	2182
	695
	2153
	2373
	2382
	4233
	1829
	669
	1824
	691
	2156
	2157
	585
	584
	1817
	2399
	1844
	614
	2385
	2389
	2388
	602
	615
	589
	2401
	1788
	183
	182
	1870
	2981
	4161
	1875
	104
	2979
	2142
	2137
	670
	2161
	2176
	2372
	4196
	2141
	610
	611
	1016
	2138
	1824
	2383
	2384
	4365
	1375
	4118
	4380
	374
	4379
	1986
	2726
	2701
	4120
	373
	4121
	4377
	375
	372
	4119
	179
	2152
	253
	4364
	4383
	127
	96
	2992
	101
	2986
	376
	2160
	2710
	666
	2704
	2705
	664
	616
	613
	2740
	638
	640
	2164
	665
	667
	2162
	2712
	2707
	639
	4121
	2715
	641
	2702
	4349
	4355
	2699
	654
	2692
	645
	628
	2690
	627
	2691
	631
	2689
	629
	624
	630
	2693
	2725
	2687
	2688
	625
	1814 
	1811 
	2425 
	1808 
	2608
	1950
	658
	166
	2191
	4384
	193
	4231
	735
	4211
	185
	198
	581
	2400
	192
	4378
	1247
	668
	2696
	
	#south-west large continent
	4154
	728
	212
	197
	173
	1004
	2592
	2753
	725
	176
	175
	2187
	196
	333
	2987
	213
	200
	648
	731
	4360
	174
	2729
	1030
	1835
	1837
	4111
	2728
	2107
	1023
	1020
	2188
	2727
	4386
	4185
	4184
	172
	1845
	1820
	171
	1819
	4186
	1830
	170
	171
	1018
	681
	699
	1019
	4359
	95
	98
	99
	4204
	732
	2130
	2174
	2158
	1840
	2173
	673
	2163
	4199
	675
	2748
	2168
	2167
	4213
	108
	1088
	1085
	1094
	1093
	1092
	1091
	1087
	2733
	1090
	2734
	1009
	1008
	1806
	2732
	2731
	2730
	1005
	1006
	2594
	2010
	966
	4220
	2185
	2562
	727
	2560
	1971
	965
	1084
	4218
	1003
	2591
	2593
	2583
	2589
	2590
	2015
	994
	1007
	910
	2517
	2012
	4338
	961
	724
	2518
	2012
	911
	1001
	2581
	2695
	1237
	635
	633
	634
	632
	2717
	626
	1473
	650
	647
	2721
	2722
	2723
	2724
	1010
	2718
	1245
	2132
	678
	4212
	1239
	1238
	674
	662
	582
	2396
	2397
	2736
	2735
	1086
	1089

	#south east largest continent
	1028
	4188
	1029
	1024
	4191
	1026
	1235
	1025
	4189
	1027
	4190
	646
	4192
	1839
	4131
	656
	516
	4350
	2331
	4356
	4276
	4272
	655
	651
	2327
	382
	378
	4297
	1855
	364
	380
	379
	381
	400
	2210
	4270
	649
	4287
	2340
	405
	2338
	4274
	392
	4275
	2339
	1320
	2336
	2054
	2335
	2553
	956
	952
	4177
	2608
	408
	435
	2347
	394
	2334
	404
	4334
	4286
	2216
	2341
	2342
	2234
	4345
	2209
	4335
	429
	4170
	4327
	431
	433
	2222
	432
	2220
	2219
	2232
	4332
	656
	430
	4171
	4329
	4331
	412
	1072
	2217
	4342
	1780
	2101
	538
	540
	536
	434
	413
	2099
	514
	526
	2093
	2058
	2067
	2036
	572
	2026
	2100
	4330
	2218
	398
	2999
	2333
	397
	403
	399
	4285
	4273
	2337
	393
	2328
	383
	395
	396
	4268
	2332
	385
	2552
	2554
	428
	950
	4337
	999
	4253
	998
	2547
	544
	545
	569
	532
	2088
	2034
	2053
	2056
	2031
	2085
	541
	384
	2330
	955
	2329
	2556
	946
	414
	2555
	2051
	993
	515
	521
	954
	947
	2557
	958
	959
	960
	2670
	740
	2066
	550
	1815
	2087
	528
	546
	547
	2084
	2028
	548
	518
	2057
	2092
	513
	512
	505
	558
	2096
	560
	2072
	2086
	2081
	520
	2095
	2044
	211
	1964
	210
	4129
	989
	2585
	503
	2559
	1000
	4172
	2580
	2415
	2639
	987
	944
	2052
	504
	2211
	963
	302
	2212
	969
	2587
	2586
	2521
	945
	2522
	1002
	2563
	2671
	991
	990
	2037
	2050
	549
	1080
	1947
	2027
	1973
	539
	2223
	1888
	1843
	1963
	2215
	964
	1073
	519
}

africa = {
	#West middle continent
	1936
	1834
	2526
	2997
	2525
	951
	4241
	40
	770
	4046
	1189
	948
	1188
	4106
	4108
	1187
	1192
	1190
	1191
	4104
	1804
	4047
	2551
	2791
	2762
	4158
	1213
	39
	270
	941
	1935
	271
	931
	2548
	41
	4039
	949
	1223
	1214
	2770
	1217
	2758
	2759
	2763
	1103
	2757
	1102
	1223
	1216
	4021
	4020
	2772
	1224
	2799
	1222
	1219
	1221
	2801
	2800
	2771
	4033
	2798
	1220
	4022
	4024
	4031
	1194
	4323
	1792
	4321
	4320
	2321
	1233
	1232
	1228
	1795
	1229
	1225
	2322
	2320
	4318
	1226
	2797
	4026
	1231
	4319
	4025
	4322
	4027
	2318
	2317
	2286
	2287
	2323
	1234
	1157
	1161
	1153
	1145
	1152
	1421
	2289
	1146
	1155
	2280
	1154
	2283
	1159
	1147
	2294
	2290
	4030
	774
	2932
	2273
	1193
	1797
	2279
	1149
	2293
	1150
	2284
	1632
	2277
	2475
	2474
	1136
	2257
	2263
	1156
	2268
	1142
	2256
	1130
	2262
	2264
	1138
	2255
	2261
	4032
	1143
	2278
	2267
	2266
	1140
	2269
	4028
	2269
	2265
	2270
	2250
	1167
	1144
	4085
	2291
	2292
	4086
	2948
	1168
	1172
	4087
	1124
	2249
	1134
	1135
	1125
	2248
	1121
	2251
	1794
	4167
	1793
	4168
	1137
	1119
	1118
	2242
	1126
	2252
	1122
	2253
	1131
	1123
	1117
	2241
	2245
	1128
	1129
	2247
	1132
	2259
	2260
	2246
	2243
	1120
	2238
	351
	2271
	1133
	1249
	1162
	2258
	2285
	1139
	1160
	1141
	1114
	348
	2460
	2466
	1127
	1115
	2239
	1112
	1113
	1116
	2469
	343
	2467
	335
	2468
	1116
	2240
	368
	2244
	345
	1793
	2462
	338
	336
	2465
	337
	2464
	346
	349
	2463
	2457
	2472
	2456
	339
	350
	2459
	2461
	1110
	347
	4084
	2458
	366
	1111
	4083
	4082
	4081
	1171
	4092
	4091
	798
	1168
	1170
	4080
	4098
	4088
	2949
	4079
	4096
	1901
	1169
	1151
	4097
	4099
	1163
	1473
	1164
	4089
	4070
	4093
	4068
	4095
	4101
	4107
	4100
	4094
	4109
	1165
	4090
	4105
	4078
	1166
	4069
	4063
	4067
	4066
	4064
	4065
	1796
	1798
	2764
	4075
	4074
	1215
	2756
	2760
	1211
	1218
	2761
	2769
	2768
	2319
	369
	2324
	2237
	334
	342
	2470
	344
	1751
	2288
	1148
	1158
	4029
	2254
	2295
	2276
	360
	
	#East middle continent
	10
	20
	46
	47
	51
	22
	2993
	315
	45
	1775
	21
	1858
	2994
	2752
	24
	2575
	49
	981
	2573
	996
	2576
	980
	995
	2578
	2574
	1104
	1105
	2577
	2579
	986
	2569
	984
	982
	2572
	1763
	2969
	247
	244
	48
	23
	111
	4368
	1769
	130
	4362
	2966
	2582
	985
	4361
	2568
	429
	61
	262
	2960
	246
	265
	4367
	245
	1770
	4238
	1318
	4236
	60
	248
	2970
	266
	370
	371
	1772
	263
	2297
	2296
	164
	1978
	4372
	3003
	153
	1954
	2746
	4110
	251
	2750
	1771
	163
	145
	3000
	160
	161
	297
	289
	1945
	129
	4244
	293
	4246
	259
	4243
	4126
	4173
	155
	4128
	4174
	237
	4155
	4175
	4125
	236
	2299
	135
	235
	143
	131
	1853
	4240
	140
	148
	1828
	1826
	4176
	1766
	1960
	4371
	4148
	275
	4373
	141
	234
	771
	4239
	139
	1944
	1943
	3002
	1942
	1831
	281
	1827
	280
	4115
	292
	2959
	4374
	4130
	261
	2962
	1940
	2961
	233
	2424
	255
	2963
	28
	1863
	241
	1938
	269
	30
	2958
	923
	42
	767
	1246
	935
	32
	2527
	1937
	272
	925
	1841
	2533
	43
	159
	2958
	1859
	2995
	37
	2927
	491
	748
	741
	2890
	276
	278
	1842
	277
	36
	1756
	35
	260
	67
	1860
	282
	2405
	133
	4366
	4369
	310
	311
	290
	4376
	2407
	149
	322
	243
	4375
	318
	250
	317
	4309
	242
	2965
	66
	4242
	2566
	267
	1764
	273
	1861
	151
	2570
	1759
	59
	50
	4363
	2530
	922
	2956
	1757
	4370
	238
	2957
	1941
	316
	4308
	4311
	252
	240
	1765
	3001
	239
	1773
	1864
	147
	146
	156
	257
	1939
	256
	2996
	997
	249
	150
	279
	749
	2531
	152
	4312
	144
	1011
	
	#Smaller islands in the middle of middle continent
	352
	340
	4169
	2449
	2454
	2448
	1882
	341
	2455
	2954
	2473
	2453
	2452
	355
	353
	2954
	354
	356
	357
	2451
	2450
	2325
	2326
	1987
	1988
	1244
	1807
	1805
	2348
	321
	2315
	365
	4269
	4271
	1470
	4316
	362
	358
	4317
	359
	1854
	361
	125
	126
	124
	2982
	
	#Smaller islands east of middle continent
	1857
	3
	4142
	17
	4145
	4165
	12
	15
	4144
	1984
	4149
	4146
	6
	4166
	13
	26
	4141
	1982
	1758
	4153
	2023
	18
	4114
	1930
	2558
	4151
	2
	1
	4143
	937
	44
	53
	1985
	53
	16
	1777
	54
	56
	54
	4164
	938
	5
	100
	2971
	4113
	2549
	1874
	1931
	9
	2543
	11
	2011
	4382
	2546
	55
	4
	4163
	927
	110
	932
	957
	2542
	2550
	8
	1774
	112
	2972
	953
	7
	2539
	2973
	929
	128
	1768
	936
	2567
	926
	2538
	2536
	2571
	2545
	970
	930
	971
	933
	2541
	2540
	2565
	2013
	968
	2535
	928
	2534
	2561
	2537
	2544
	25
	962
}

north_america = {
	#Islands under the "side" continent
	2230
	2985
	1933
	122
	1186
	4249
	490
	1182
	4261
	4251
	789
	2659
	489
	502
	483
	1095
	1181
	1180
	2658
	296
	1176
	2856
	833
	2864
	1179
	488
	2654
	1178
	2880
	2398
	573
	567
	2654
	1540
	4260
	291
	1959
	1752
	312
	4245
	298
	4116
	313
	4258
	309
	34
	1961
	1934
	142
	274
	33
	1958
	2749
	2411
	295
	2412
	294
	300
	2408
	1498
	4117
	4248
	2091
	4255
	1185
	1800
	2952
	1184
	1183
	1177
	1175
	2950
	906
	1801
	4250
	2025
	1098
	1106
	2951
	498
	500
	499
	1739
	497
	2737
	1108
	2739
	496
	1611
	494
	493
	1881
	2041
	580
	
	#Right "side" continent	
	2947
	2830
	2620
	2476
	805
	816
	2829
	811
	2616
	865
	866
	796
	809
	855
	860
	859
	2618
	864
	804
	802
	807
	808
	806
	2828
	2944
	814
	2632
	2649
	2826
	2827
	2833
	2822
	812
	2631
	844
	847
	2629
	2630
	2645
	1802
	2644
	2651
	2630
	2647
	852
	2646
	2628
	848
	2635
	2638
	841
	2653
	2636
	842
	845
	830
	2807
	2945
	2808
	820
	818
	819
	2820
	816
	817
	2824
	815
	2943
	2825
	2823
	813
	2821
	791
	2843
	2839
	850
	2832
	2845
	2877
	801
	2940
	2900
	2842
	2865
	2846
	2837
	803
	2972
	2867
	2838
	2834
	779
	2842
	2846
	2860
	2861
	2844
	2866
	795
	2941
	2835
	821
	2818
	785
	823
	824
	2876
	827
	826
	2871
	2806
	2875
	2870
	829
	828
	839
	2637
	2819
	2868
	786
	780
	782
	781
	2869
	2661
	840
	853
	843
	2634
	2652
	846
	861
	2666
	2498
	2497
	882
	2500
	2597
	895
	2528
	897
	885
	918
	2515
	939
	894
	886
	934
	2514
	2627
	899
	2520
	896
	940
	912
	915
	2519
	914
	2509
	943
	869
	2622
	2623
	2626
	837
	2640
	2615
	873
	942
	2523
	892
	2484
	2485
	874
	2482
	872
	2477
	2633
	2660
	793
	2664
	797
	836
	487
	485
	486
	2656
	482
	481
	1107
	2738
	484
	2655
	838
	2831
	891
	2942
	492
	2480
	889
	2008
	1809
	2490
	909
	835 
	2840
	2507
	2007
	2006
	2020
	2504
	2506
	792
	2862
	787
	784
	2873
	2874
	783
	2841
	2650
	876
	878
	880
	2667
	875
	2494
	2021
	871
	2479
	2478
	881
	2493
	2492
	867
	868
	870
	879
	2643
	2624
	2491
	2642
	2657
	2621
	854
	851
	2641
	2648
	849
	2617
	857
	858
	856
	2614
	2619
	877
	863
	2496
	810
	794
	832
	4341
	2662
	2663
	2481
	426
	2863
	2872
	2847
	2836
	2495
	862

	#Left "side" continent (Pope)
	908
	755
	2916
	119
	570
	2891
	754
	571
	2908
	2978
	2977
	753
	751
	2976
	2909
	116
	2886
	114
	2911
	106
	2918
	2917
	113
	2885
	108
	2914
	109
	756
	2912
	913
	902
	2513
	917
	2505
	1803
	907
	2503
	2913
	2910
	123
	121
	2928
	2926
	2923
	2925
	2924
	752
	2929
	117
	2980
	105
	1862
	107
	118
	2915
	750
	2922
	2921
	757
	765
	2898
	759
	768
	2895
	2899
	760
	890
	2672
	901
	2625
	900
	916
	898
	2508
	2009
	2512
	905
	904
	761
	766
	762
	763
	764
	2892
	2894
	2903
	2906
	2897
	2896
	2893
	769
	2857
	773
	2920
	2919
	758
	2903
	2905
	772
	2907
	2904
	2888
	2850
	2887
	2878
	2855
	2859
	2852
	2879
	2884
	2881
	2902
	744
	743
	2937
	2931
	903
	2930
	2811
	2810
	2934
	2889
	2933
	2803
	2935
	745
	747
	2858
	777
	776
	2938
	2805
	2804
	2809
	2814
	2813
	2812
	825
	2882
	800
	799
	2848
	790
	2849
	778
	2883
	2901
	2016
	2817
	2816
	822
	2854
	2984
	436
	2851
	2853
	775
	746
	834
	831
	2815
	2939
	742
}

south_america = {
	#North Pole
	1784
	389
	386
	1083
	387
	4279
	388
	4280
	2765
	1227
	2766
	2767
	4281
	4278
	4282
	4346
	390
	2346
	2343
	4284
	565
	676
	1079
	4283
	1230
	402
	2651
	2071
	2070
	557
	555
}

oceania = {
	#Spirale Islands
	2005
	2596
	1813
	2598
	2599
	2597
	1326
	2502
	2595
	2501
	2486
	2489
	2487
	967
	2720
	2004
	2607
	2483
	2613
	977
	887
	2611
	1236
	2606
	973
	2610
	2604
	972
	974
	975
	2609
	1738
	2022
	391
	2603
	2601
	2600
	2017
	2018
	2605
	2003
	2602
	2669
	979
	978
	1174
	2019
	2488
	884
	2668
	2499
	888
	2665
	883
	921
	919
	2529
	920
	2014
	2532
	2612
	976
	924
	2516
}

island_check_provinces = {

}

# Used  RNW
new_world = {
}