# Fix lakes? Horribly badly done.

#Volcano "Lake"
#lake = {
#	triangle_strip = { 3290 1335 3289 1328 3303 1331 3295 1339 3290 1329 3294 1325 3301 1328 3290 1334 3299 1329 3303 1330 3301 1329 3299 1336 3298 1330 3300 1329 3303 1332 3303 1331 3300 1328 3297 1331 3300 1329 3300 1335 3303 1331 3295 1331 3300 1327 3303 1332}
#	height = 27
#}

#Paoset Lake -296
lake = {
	triangle_strip = { 2392 1047 2396 1049 2395 1035 2395 1049 2392 1047 2394 1035 2404 1043 2408 1031 2394 1036 2395 1024 2392 1031 2404 1043 2396 1025 2407 1019 2410 1028 2395 1037 2395 1049 2404 1043 2408 1022 2406 1030 2409 1031 2405 1038 2408 1035 2406 1034}
	height = 27
}